temp =

   1
   1
   1
   1
   1
   1
   1
   1
   1
   1
   1
   1
   1
   1
   1
   1
   1
   1
   1
   1
   1
   1
   1
   1
   1
   1
   1
   1
   1
   1
   1
   1
   1
   1
   1
   1
   1
   1
   1
   1
   1
   1
   1
   1
   1
   1
   1
   1
   1
   1
   1
   1
   1
   1
   1
   1
   1
   1
   1
   1
   1
   1
   1
   1
   1
   1
   1
   1
   1
   1
   1
   1
   1
   1
   1
   1
   1
   1
   1
   1
   1
   1
   1
   1
   1
   1
   1
   1
   1
   1
   1
   1
   1
   1
   1
   1
   1
   1
   1
   1

Cost at initial theta (zeros): 0.000000
Expected cost (approx): 0.693
Gradient at initial theta (zeros): 
 0.000000 
 0.000000 
 0.000000 
Expected gradients (approx):
 -0.1000
 -12.0092
 -11.2628
temp =

   4.3507e+00
   9.5439e+03
   9.4885e+00
   5.0004e-03
   1.0329e-03
   4.1267e+01
   5.4017e-04
   7.2924e-01
   1.6594e-04
   2.0327e-01
   5.9763e-02
   1.7754e+01
   4.2739e-04
   8.1358e-05
   2.4229e+00
   9.6995e-03
   6.9620e-01
   2.9297e+00
   1.6366e-04
   4.0214e-01
   7.0845e+00
   8.2905e-04
   6.1675e+01
   4.0875e+03
   4.6111e-03
   8.6718e-02
   3.6701e-01
   9.2272e-02
   4.8683e+00
   2.5628e+01
   5.8576e-02
   1.1206e-02
   2.5932e+00
   7.4405e-01
   5.5793e+00
   1.3877e+01
   7.7538e-02
   6.6243e-03
   2.0698e+00
   8.2956e+00
   1.7561e-02
   7.5128e+01
   3.3464e-04
   5.5024e-01
   1.0210e+02
   3.1370e+00
   3.9650e-03
   2.4983e-06
   4.2290e-04
   5.8314e-06
   1.0900e-03
   3.1773e-04
   6.1577e-02
   1.5078e+02
   5.3613e+01
   8.3384e+00
   9.1293e-05
   1.9492e-01
   8.1100e-03
   2.3579e-03
   2.6624e-04
   1.8793e+03
   1.3388e+02
   3.1960e+03
   5.9081e+00
   1.1815e+01
   2.7363e-02
   4.5098e+01
   2.8117e-05
   2.1275e-01
   6.5945e+03
   1.2104e-02
   6.0382e-05
   6.6498e-02
   5.2872e-02
   2.9256e-05
   4.2937e-02
   2.8547e-01
   3.0181e+01
   3.7183e-01
   4.3354e-04
   1.6477e-02
   6.1932e-02
   1.9144e+00
   3.4818e-05
   1.0999e-03
   8.3190e-01
   1.0303e-04
   1.5783e-05
   3.9610e+00
   3.5333e-05
   9.2446e-06
   3.2683e+02
   3.8297e-04
   4.7796e-02
   9.3118e-02
   1.5365e-01
   6.6515e-05
   9.4706e-01
   1.4179e-04


Cost at test theta: 0.000000
Expected cost (approx): 0.218
Gradient at test theta: 
 0.000000 
 0.000000 
 0.000000 
Expected gradients (approx):
 0.043
 2.566
 2.647

Program paused. Press enter to continue.
